1
24582
4107
4125
4129
4151
4169
4190
4216
4240
4251
4304
4334
4338
4362
4381
4388
4442
4447
4448
4454
4456
4469
4474
4476
4478
4488
4489
4492
4501
4617
4619
4631
4633
4644
4701
4711
4718
4724
4735
4736
4742
4745
4746
4751
4757
4767
4874
4876
4877
4882
4886
4891
4892
4894
4895
4897
4910
4911
4915
4916
4921
4927
4930
4932
4933
4934
4937
4942
4943
4945
4952
4953
4954
4957
4961
4962
4965
4969
4972
4974
4977
4978
4987
4991
4993
4994
4996
4998
4999
5000
5002
5004
5009
5010
5014
5015
5019
5020
5120
5123
5124
5125
5127
5128
5131
5136
5137
5139
5141
5142
5143
5144
5145
5147
5149
5150
5151
5152
5153
5155
5158
5159
5163
5165
5167
5168
5170
5171
5174
5176
5181
5184
5185
5186
5187
5189
5190
5192
5193
5196
5197
5202
5205
5207
5212
5213
5215
5216
5217
5218
5219
5222
5224
5226
5230
5231
5232
5234
5235
5236
5239
5240
5242
5243
5244
5245
5246
5247
5248
5249
5251
5254
5256
5258
5259
5262
5267
5268
5269
5270
5271
5273
5275
5276
5279
5282
5293
5376
5379
5380
5382
5384
5388
5389
5391
5393
5394
5395
5396
5401
5402
5403
5404
5405
5406
5407
5408
5409
5419
5420
5426
5427
5430
5432
5433
5451
5452
5456
5457
5458
5459
5470
5472
